4639502809307185125717598543
9080789141427701330969581552012481055018880338256604291513666866143706216241617479872
12905823955232258393988158834796497691221269807
12905823955232258393988158834796497691221269807
4639502809307185125717598543
12905823955232258393988158834796497691221269807
12905823955232258393988158834796497691221269807
277797684053331990400045848878855348039862344182483532774361787843338813459456733622571693803063720143
277797684053331990400045848878855348039862344182483532774361787843338813459456733622571693803063720143
413888416325541980764267517659882684867361986521
277797684053331990400045848878855348039862344182483532774361787843338813459456733622571693803063720143
277797684053331990400045848878855348039862344182483532774361787843338813459456733622571693803063720143
277797684053331990400045848878855348039862344182483532774361787843338813459456733622571693803063720143
14741798319763837075029384369739193253606141428771666280519213406716889131116406151476422322344436208255568375621306730305272111712151920009929230578321003128426259790669011830007060473478508916593985390535818576259771463681099270785900276179848767830709033538347249058526237267127243681499082725887892859668358433790193516409026232745614874666896489468848942453949834907559644637636334117726801161418427527001373068812131341508897959024070895891789799581049438610683981901165145981151712482242601755882113963941402345031453096004456235346116770316076597838964371538031033517870689547898716914873687501468725563504288
2360856392777391007068405417663992991572968022078487175564376721088565098746295117374094474712470842395723289127706682879784288987535133651563952061647592027195234908759279850414858077510613299490296433451757246623362164485234058114926633417298135295166342500960923895963749730233106706579671817350406175792407330907400867484956491116472487058534313103551401360840133397185337451012118255283504533099527598320559709242992013289820412417788272547470827092436676598308282944310535961333715306246923850306075082738891723279190724135630438501607395075126706433176895652198241242914041311699526821950226858996761783270428
3111370698758696817896879779831718002288347029261732964904551287438080759393941211613163371393565456306121627497412220162085435585798649396015423163436387824977884745382824142574019098622042452835737085315008709514351463606749404364766526368375546543976733164199137044062325800523295334076333188147798059483624091958477146878295858100402789635851734676361478152675807856422596950872818996157826375969976603812270643561348559118722131681460721624352017997100784939722172251515128545756640322061072806487885712965153200260753357177189911811033596186972664561322331478958884592536722357851973010080545157970874427192852
22211271821853187813661467099752425741628330560421520861310766711568793469556063969415843649906743697006951056196210946282397979506290832344766522972652824537463497674518426168100257036265058484264390023020970149456332135497420936039512802573706055275419748514314493130489946211008903814370835940316472614067079910804759193038138735645333283117619587305912126933334810363747432277472821656674588880725754903765017805767097896883652743317497452207066738694302614473165003566415099181387704918709093749664892612969788804587997742314521939418523857289034770680283024683576345900979788598947982282746478388162528204833555
4775161298128466572646304457859511743887517144336784104323633433924613735888158012183380928967618697268247643118498436939861448457962543437688597159492033843659324732307140728730605334073911397965013735657565294512219517553360642754820807568310995132826436295986602399831613689489766741777948427374159943894667085361149133981651211007832865648260648627154994764186606939951214732135373728339811975740841013218215382872970733410782548002597310729776612601543688285239117312619612849412250761979269604767787258314971722270499484452513074124382244045125777695955855207601396274592711548770601894670728214803107242484713
11347180451099270373787409970345899485079026664681993101659174897173904487143001896251452115278846468940495289087783805137575955543049799862395568264963818927710613242506146014258659544455953324231475988390423077300181613093188311143253025377425834254629509421109934810534796578165844766981040024840438054361001208173838237946508477449334559785461510492639269223077581609846482589331971255752306841212652282235428114883404588509426075031037125993258464311489313236112070794137872025567810844566911657334116770278581477373392197668845656322511587923804848797476391177517300907332079136483513235197743739772923486081580
3474831264472056107737522139067614822167113241834133208714311005115579290281407497066875429947247802430969917196921596334732288705985228893411217393454250980597220566250585465466971203907146262938989490319175797549068405690271374656861983400601718005572892757303345010735089362866739453309521386193500739176733130846568047504437995651933649089414656119194167976621535016037858287931982157844041145861882243014821168183432356004278018559994366432370927564300320043384607175926055643524795031907766164431230549526679566677807577056493895947745141406234589421904986090878550289459322074488392107577420117424732182801235
461259326876435883264412597452391522852329306940177164108575256317849325212785658861617694151802634356171458245712290719037878943657208207133457127505286818128013500265925304617770914038718050316144097
461259326876435883264412597452391522852329306940177164108575256317849325212785658861617694151802634356171458245712290719037878943657208207133457127505286818128013500265925304617770914038718050316144097
ciao ale
ciaooo come va