12905823955232258393988158834796497691221269807
35900461495424590039735559955973464266092589635677093635548419343





277797684053331990400045848878855348039862344182483532774361787843338813459456733622571693803063720143
12905823955232258393988158834796497691221269807
12905823955232258393988158834796497691221269807
4639502809307185125717598543
4639502809307185125717598543
35900461495424590039735559955973464266092589635677093635548419343
35900461495424590039735559955973464266092589635677093635548419343
12905823955232258393988158834796497691221269807
12905823955232258393988158834796497691221269807
4639502809307185125717598543
35900461495424590039735559955973464266092589635677093635548419343
12905823955232258393988158834796497691221269807
12905823955232258393988158834796497691221269807
4639502809307185125717598543
35900461495424590039735559955973464266092589635677093635548419343
12905823955232258393988158834796497691221269807
11751617743452124364886226507666657
277797684053331990400045848878855348039862344182483532774361787843338813459456733622571693803063720143
277797684053331990400045848878855348039862344182483532774361787843338813459456733622571693803063720143
4639502809307185125717598543
35900461495424590039735559955973464266092589635677093635548419343
4639502809307185125717598543
12905823955232258393988158834796497691221269807
277797684053331990400045848878855348039862344182483532774361787843338813459456733622571693803063720143
4639502809307185125717598543
4639502809307185125717598543
12905823955232258393988158834796497691221269807
12905823955232258393988158834796497691221269807
12905823955232258393988158834796497691221269807
12905823955232258393988158834796497691221269807
12905823955232258393988158834796497691221269807
12905823955232258393988158834796497691221269807
12905823955232258393988158834796497691221269807
12905823955232258393988158834796497691221269807
35900461495424590039735559955973464266092589635677093635548419343
35900461495424590039735559955973464266092589635677093635548419343
35900461495424590039735559955973464266092589635677093635548419343
35900461495424590039735559955973464266092589635677093635548419343
35900461495424590039735559955973464266092589635677093635548419343
35900461495424590039735559955973464266092589635677093635548419343
35900461495424590039735559955973464266092589635677093635548419343
35900461495424590039735559955973464266092589635677093635548419343
35900461495424590039735559955973464266092589635677093635548419343
35900461495424590039735559955973464266092589635677093635548419343
59535891672572305114046072987759588237725377
35900461495424590039735559955973464266092589635677093635548419343
35900461495424590039735559955973464266092589635677093635548419343
35900461495424590039735559955973464266092589635677093635548419343
34359738368
4639502809307185125717598543
12921044691470377453641219554580711960948506624
38139377137591757937770742637254227788441489530084539422097311536953763078815082341339081
277797684053331990400045848878855348039862344182483532774361787843338813459456733622571693803063720143
35900461495424590039735559955973464266092589635677093635548419343
5333985037220727879412022547605181257868425193
12905823955232258393988158834796497691221269807
4639502809307185125717598543
4639502809307185125717598543
4639502809307185125717598543
4639502809307185125717598543
4639502809307185125717598543
21909432568828015221196606795217121999638362601625
35900461495424590039735559955973464266092589635677093635548419343
2586900884919213258772191507494003702938396498672224504766751926395747568403068687
59535891672572305114046072987759588237725377
